"coordinates": [
 
                [
 
                    [
 
                        -122.34266,
                        37.699279,
                        0.0
                    ],
                    [
 
                        -122.114711,
                        37.699279,
                        0.0
                    ],
                    [
 
                        -122.114711,
                        37.8847092,
                        0.0
                    ],
                    [
 
                        -122.34266,
                        37.8847092,
                        0.0
                    ]
                ]
            ]